-1023
-1022
-1021
-1020
-1019
-1018
-1017
-1016
-1015
-1014
-1013
-1012
-1011
-1009
-1007
-1006
-1005
-1002
-1001
-1000
-999
-998
-996
-995
-994
-992
-991
-990
-989
-988
-987
-985
-983
-982
-981
-980
-979
-978
-977
-976
-975
-973
-972
-971
-970
-969
-967
-966
-965
-964
-963
-961
-960
-959
-958
-957
-956
-954
-953
-952
-951
-950
-949
-948
-946
-945
-944
-943
-941
-940
-939
-938
-937
-935
-934
-933
-932
-931
-930
-928
-927
-926
-925
-924
-923
-921
-919
-918
-917
-916
-915
-914
-913
-912
-911
-908
-907
-906
-905
-904
-903
-902
-901
-900
-899
-898
-896
-895
-894
-893
-892
-891
-890
-889
-887
-885
-884
-883
-882
-881
-880
-879
-878
-877
-875
-874
-873
-872
-871
-870
-869
-868
-866
-865
-864
-863
-862
-861
-860
-859
-856
-854
-853
-851
-849
-848
-847
-846
-845
-844
-842
-841
-840
-837
-836
-835
-834
-833
-832
-831
-829
-826
-825
-824
-823
-822
-821
-820
-819
-818
-817
-816
-814
-813
-812
-811
-810
-809
-806
-805
-804
-803
-802
-801
-800
-799
-798
-797
-796
-794
-793
-792
-791
-790
-789
-788
-787
-786
-785
-784
-783
-782
-781
-780
-779
-778
-776
-775
-773
-772
-771
-770
-769
-768
-767
-766
-765
-764
-763
-762
-761
-760
-759
-758
-757
-756
-755
-754
-752
-750
-749
-748
-747
-746
-745
-743
-741
-740
-739
-738
-737
-736
-735
-734
-733
-732
-731
-730
-729
-728
-727
-726
-725
-724
-723
-721
-720
-718
-717
-716
-715
-714
-711
-710
-709
-708
-707
-706
-705
-704
-703
-702
-701
-700
-699
-697
-696
-694
-693
-691
-690
-689
-688
-687
-686
-685
-684
-683
-682
-681
-680
-679
-678
-677
-676
-675
-674
-673
-672
-671
-670
-669
-668
-667
-666
-665
-664
-663
-661
-660
-659
-657
-656
-655
-654
-653
-652
-651
-649
-647
-645
-644
-643
-642
-641
-640
-639
-637
-636
-635
-633
-632
-631
-630
-629
-628
-627
-626
-625
-622
-621
-620
-619
-617
-616
-615
-614
-613
-611
-610
-607
-606
-605
-604
-602
-601
-600
-599
-598
-597
-595
-593
-592
-591
-590
-589
-587
-586
-585
-584
-583
-582
-581
-580
-579
-578
-577
-576
-575
-574
-573
-572
-571
-569
-568
-567
-566
-564
-563
-562
-561
-560
-559
-558
-557
-556
-555
-554
-552
-551
-550
-549
-547
-546
-544
-543
-542
-541
-540
-539
-538
-537
-536
-535
-533
-531
-530
-529
-527
-525
-524
-523
-522
-521
-520
-519
-518
-517
-516
-514
-512
-511
-504
-503
-502
-499
-498
-496
-493
-492
-491
-486
-484
-482
-481
-479
-477
-472
-471
-468
-467
-466
-463
-460
-458
-457
-456
-455
-454
-452
-451
-449
-448
-444
-443
-441
-439
-438
-436
-434
-432
-431
-428
-427
-423
-422
-421
-419
-417
-415
-414
-413
-412
-410
-409
-408
-407
-406
-402
-401
-400
-393
-392
-387
-383
-382
-378
-377
-375
-374
-371
-368
-366
-364
-363
-359
-357
-356
-355
-351
-350
-349
-348
-345
-344
-341
-334
-333
-330
-329
-327
-325
-324
-319
-315
-314
-313
-311
-310
-309
-308
-307
-306
-305
-303
-301
-297
-296
-294
-293
-291
-289
-288
-287
-285
-280
-279
-277
-276
-275
-274
-271
-269
-264
-261
-260
-259
-258
-255
-253
-251
-249
-248
-244
-242
-238
-236
-235
-234
-233
-232
-230
-229
-228
-227
-226
-223
-222
-221
-220
-218
-217
-213
-212
-211
-207
-204
-201
-200
-198
-189
-188
-187
-181
-179
-173
-172
-170
-169
-166
-162
-161
-160
-159
-156
-154
-152
-146
-144
-143
-142
-140
-139
-138
-137
-136
-134
-131
-128
-125
-124
-121
-118
-116
-114
-113
-112
-111
-108
-107
-103
-101
-100
-95
-90
-89
-85
-81
-80
-79
-74
-70
-66
-64
-63
-60
-54
-53
-49
-46
-45
-43
-42
-40
-38
-34
-32
-31
-27
-23
-20
-19
-18
-17
-15
-13
-12
-11
-10
-9
-8
-6
-3
-2
-1
0
1
2
3
17
19
23
24
30
34
41
43
53
59
65
72
80
85
91
98
105
107
117
118
130
139
141
151
160
169
170
172
175
177
184
188
189
197
199
200
212
219
220
232
250
253
274
276
283
285
305
308
314
315
329
332
335
365
369
377
379
381
389
393
403
404
409
415
418
419
424
431
433
439
457
462
474
479
482
493
495
499
501
512
514
517
518
519
520
521
522
526
527
530
532
533
537
538
539
540
542
544
547
549
551
552
553
554
557
558
562
563
565
566
568
574
577
580
581
582
585
587
590
592
594
597
598
601
602
603
607
609
611
616
622
623
624
628
629
630
631
632
633
636
637
638
639
641
642
643
646
647
648
651
654
655
657
658
660
662
665
666
667
669
673
674
675
680
681
684
685
687
688
689
690
691
692
695
696
699
701
704
705
706
707
709
710
711
715
723
725
727
728
729
732
735
737
741
743
744
745
746
749
754
755
757
759
760
761
762
764
765
770
771
773
775
777
780
781
782
784
786
787
788
790
796
802
803
808
811
812
813
817
818
819
821
822
824
825
828
830
831
832
833
834
835
836
837
841
842
843
844
845
847
849
850
851
852
853
856
859
860
862
863
864
869
870
872
874
876
877
878
879
880
882
886
892
894
895
897
898
900
901
904
905
907
908
910
912
917
918
921
922
923
925
928
929
930
931
933
934
935
936
939
940
941
943
944
945
949
950
951
952
954
955
956
958
959
960
962
965
966
968
969
970
971
972
975
976
977
979
980
983
986
988
990
991
992
994
997
998
999
1001
1002
1003
1005
1006
1011
1013
1020
1022
1023
