-1023
-1022
-1021
-1020
-1019
-1018
-1017
-1016
-1015
-1014
-1013
-1010
-1009
-1008
-1007
-1005
-1004
-1003
-1002
-1001
-1000
-999
-998
-997
-996
-994
-993
-992
-990
-989
-988
-987
-985
-981
-979
-978
-977
-975
-974
-973
-972
-971
-970
-969
-968
-967
-966
-965
-964
-963
-962
-960
-959
-958
-956
-955
-953
-952
-951
-950
-949
-948
-947
-946
-945
-944
-943
-942
-941
-939
-938
-936
-934
-933
-932
-931
-930
-928
-927
-926
-925
-924
-923
-920
-919
-918
-917
-916
-915
-914
-912
-911
-909
-908
-907
-905
-904
-903
-902
-901
-900
-899
-898
-897
-896
-895
-894
-893
-892
-891
-890
-888
-887
-886
-885
-883
-882
-881
-880
-879
-878
-877
-876
-874
-873
-872
-871
-870
-869
-868
-867
-866
-865
-864
-862
-861
-860
-859
-858
-857
-856
-855
-854
-852
-851
-850
-849
-848
-847
-846
-845
-842
-841
-840
-839
-838
-837
-833
-832
-831
-830
-829
-828
-827
-826
-825
-823
-822
-821
-820
-819
-818
-817
-816
-815
-814
-813
-812
-811
-810
-808
-807
-806
-805
-803
-802
-801
-800
-799
-798
-797
-796
-795
-794
-792
-791
-789
-788
-785
-782
-781
-780
-779
-778
-777
-776
-775
-774
-773
-772
-771
-770
-768
-767
-765
-763
-762
-761
-760
-759
-758
-757
-756
-755
-754
-753
-752
-751
-750
-749
-747
-746
-745
-744
-743
-741
-738
-737
-736
-735
-734
-733
-732
-731
-730
-729
-728
-727
-725
-723
-722
-721
-720
-719
-718
-717
-716
-715
-714
-713
-712
-711
-710
-709
-708
-707
-706
-705
-704
-702
-701
-700
-699
-698
-697
-696
-694
-693
-692
-691
-690
-686
-685
-684
-682
-681
-680
-678
-677
-676
-675
-674
-673
-671
-670
-669
-667
-666
-664
-663
-662
-661
-660
-658
-657
-656
-655
-654
-653
-652
-651
-650
-649
-647
-646
-645
-644
-643
-641
-640
-639
-638
-637
-634
-633
-632
-630
-629
-627
-625
-624
-623
-622
-621
-620
-619
-618
-617
-616
-615
-613
-612
-611
-607
-606
-605
-604
-603
-602
-600
-599
-598
-597
-596
-594
-593
-592
-591
-590
-589
-587
-586
-585
-584
-583
-582
-581
-580
-579
-578
-577
-576
-575
-574
-573
-572
-571
-569
-567
-566
-562
-559
-557
-556
-555
-554
-553
-552
-551
-550
-548
-546
-545
-543
-542
-541
-540
-539
-538
-537
-536
-532
-531
-530
-529
-528
-527
-526
-525
-524
-523
-522
-521
-519
-518
-517
-516
-515
-514
-513
-511
-509
-505
-500
-499
-495
-493
-492
-490
-489
-488
-487
-485
-484
-483
-482
-477
-475
-474
-473
-470
-469
-464
-463
-462
-459
-458
-456
-452
-450
-449
-447
-446
-445
-439
-436
-435
-433
-432
-428
-427
-426
-425
-422
-417
-415
-412
-410
-408
-405
-404
-403
-402
-400
-396
-393
-392
-391
-390
-387
-384
-382
-380
-377
-376
-373
-372
-371
-369
-368
-367
-364
-363
-362
-360
-357
-354
-350
-349
-348
-344
-343
-341
-339
-336
-333
-332
-330
-325
-324
-321
-315
-314
-313
-310
-308
-306
-297
-296
-294
-293
-291
-289
-287
-286
-285
-284
-281
-279
-277
-275
-274
-273
-272
-267
-265
-264
-263
-261
-260
-259
-257
-256
-255
-254
-252
-249
-248
-247
-246
-244
-242
-241
-239
-238
-237
-236
-233
-230
-228
-225
-219
-218
-217
-215
-214
-210
-209
-208
-207
-205
-200
-197
-196
-195
-194
-193
-192
-191
-190
-186
-182
-179
-177
-176
-175
-172
-170
-169
-161
-158
-157
-155
-153
-150
-148
-143
-142
-140
-139
-138
-136
-131
-129
-126
-125
-124
-123
-122
-121
-118
-116
-113
-104
-100
-98
-96
-95
-94
-92
-91
-90
-89
-88
-87
-85
-82
-80
-79
-78
-72
-71
-69
-68
-67
-65
-64
-63
-61
-60
-56
-54
-51
-50
-46
-41
-40
-39
-37
-34
-33
-31
-28
-26
-23
-22
-20
-19
-18
-17
-16
-14
-13
-11
-10
-7
-6
-5
-3
-2
-1
0
1
2
3
15
16
21
32
36
41
43
44
45
47
51
66
70
73
87
90
92
98
105
106
114
117
121
138
143
152
164
174
183
184
191
192
193
203
218
223
234
237
240
241
243
244
258
261
263
279
285
287
288
301
303
324
332
338
339
340
344
348
355
359
362
368
379
385
391
392
396
399
401
413
417
418
419
426
432
439
457
459
462
463
464
466
467
469
478
480
483
492
493
494
507
515
517
519
520
521
523
524
525
526
529
530
531
533
536
541
546
547
548
549
551
555
556
559
560
561
562
566
567
570
572
573
574
576
579
583
584
585
586
587
589
590
593
596
597
598
603
604
606
607
608
609
611
613
614
616
618
620
621
626
628
629
630
632
633
638
639
641
642
644
646
648
649
652
653
657
661
662
666
668
669
671
672
674
675
676
680
681
682
685
687
689
690
692
693
696
698
699
700
701
704
705
707
708
709
710
711
715
716
718
720
722
723
724
725
726
727
728
729
732
735
737
739
744
745
747
749
751
756
757
758
759
761
765
769
774
776
777
782
784
787
792
793
795
796
798
800
801
803
804
805
806
807
811
814
815
816
821
823
824
825
826
828
829
838
839
840
842
843
844
846
847
849
853
854
856
859
860
861
862
863
864
865
867
868
871
873
875
876
878
880
881
882
883
886
890
892
893
894
895
897
899
900
907
908
910
912
913
915
916
917
918
919
920
921
922
924
925
926
928
930
934
941
943
944
946
950
951
952
953
954
957
961
965
968
969
970
972
974
975
978
979
980
982
983
984
985
989
991
992
995
997
998
1000
1002
1003
1006
1012
1015
1018
1019
1023
