-1023
-1022
-1021
-1020
-1019
-1018
-1017
-1016
-1014
-1013
-1012
-1011
-1010
-1009
-1008
-1007
-1006
-1005
-1004
-1003
-1002
-1001
-1000
-999
-998
-997
-996
-995
-994
-992
-991
-990
-989
-988
-987
-984
-983
-982
-981
-980
-979
-978
-976
-975
-974
-973
-972
-971
-969
-968
-967
-966
-965
-964
-963
-960
-959
-958
-957
-956
-953
-952
-951
-950
-949
-948
-947
-946
-945
-944
-943
-942
-941
-940
-939
-938
-937
-936
-935
-934
-933
-930
-929
-928
-927
-926
-925
-924
-922
-921
-919
-918
-917
-915
-914
-913
-911
-910
-909
-908
-906
-905
-904
-903
-902
-901
-900
-898
-897
-895
-894
-893
-892
-891
-890
-889
-888
-884
-883
-882
-881
-880
-879
-878
-877
-876
-875
-874
-872
-871
-869
-867
-866
-864
-863
-862
-861
-860
-858
-857
-856
-855
-854
-853
-852
-851
-850
-849
-848
-847
-845
-843
-842
-841
-839
-838
-837
-835
-834
-833
-832
-831
-830
-829
-827
-826
-825
-824
-823
-822
-821
-819
-818
-817
-816
-815
-814
-813
-812
-811
-810
-809
-808
-807
-806
-805
-804
-803
-802
-801
-800
-799
-798
-797
-796
-795
-793
-792
-791
-789
-788
-787
-786
-785
-784
-783
-782
-780
-779
-778
-776
-774
-773
-772
-771
-770
-769
-768
-767
-766
-765
-764
-760
-759
-757
-756
-755
-754
-753
-752
-751
-750
-749
-748
-747
-745
-744
-743
-742
-740
-738
-736
-735
-733
-732
-731
-730
-729
-728
-727
-726
-725
-724
-723
-722
-721
-719
-718
-717
-716
-715
-714
-713
-712
-711
-710
-709
-708
-707
-706
-705
-704
-703
-702
-701
-700
-699
-698
-697
-696
-695
-694
-693
-692
-691
-690
-688
-686
-685
-684
-683
-681
-680
-679
-678
-677
-676
-674
-673
-672
-671
-670
-668
-667
-665
-664
-663
-662
-661
-660
-658
-656
-655
-654
-652
-651
-650
-649
-648
-647
-646
-645
-644
-643
-642
-641
-640
-637
-636
-635
-633
-632
-631
-630
-629
-628
-627
-626
-625
-624
-622
-621
-620
-619
-618
-617
-615
-614
-613
-612
-611
-610
-609
-608
-607
-606
-605
-604
-603
-602
-601
-600
-598
-597
-596
-595
-594
-593
-592
-590
-589
-588
-587
-586
-583
-582
-581
-580
-579
-578
-577
-576
-575
-574
-573
-572
-571
-570
-569
-568
-567
-566
-565
-564
-563
-562
-561
-560
-559
-557
-556
-555
-554
-553
-552
-551
-550
-549
-547
-546
-545
-544
-543
-542
-541
-540
-539
-538
-535
-534
-533
-531
-530
-529
-528
-527
-526
-525
-524
-523
-521
-520
-519
-518
-517
-516
-515
-514
-513
-512
-511
-510
-507
-506
-504
-503
-497
-495
-492
-490
-487
-482
-480
-479
-477
-475
-473
-472
-471
-470
-467
-466
-465
-464
-462
-458
-457
-453
-452
-446
-444
-443
-442
-438
-435
-434
-433
-431
-429
-428
-427
-422
-418
-416
-413
-409
-403
-401
-399
-398
-397
-396
-394
-392
-390
-389
-388
-385
-384
-381
-379
-378
-377
-374
-373
-372
-371
-369
-366
-360
-355
-354
-353
-351
-350
-345
-344
-343
-342
-341
-340
-338
-337
-336
-334
-333
-332
-331
-325
-321
-320
-319
-317
-316
-315
-314
-310
-308
-305
-304
-303
-298
-295
-294
-291
-289
-286
-285
-284
-282
-280
-277
-274
-273
-272
-271
-269
-268
-262
-261
-258
-256
-253
-251
-248
-247
-245
-244
-240
-238
-237
-236
-235
-234
-230
-229
-228
-227
-220
-219
-218
-217
-216
-215
-214
-213
-212
-211
-210
-206
-205
-203
-197
-195
-194
-191
-188
-186
-185
-184
-183
-182
-181
-180
-179
-175
-172
-171
-169
-165
-163
-162
-161
-160
-158
-155
-154
-153
-151
-150
-147
-141
-140
-137
-134
-133
-132
-130
-128
-126
-124
-119
-118
-114
-111
-109
-108
-106
-105
-102
-100
-99
-97
-95
-94
-93
-90
-89
-85
-84
-83
-82
-81
-80
-76
-74
-73
-72
-71
-68
-66
-65
-63
-61
-58
-57
-56
-55
-53
-46
-45
-44
-40
-39
-38
-37
-36
-33
-32
-30
-29
-27
-25
-22
-20
-17
-13
-12
-11
-10
-9
-8
-7
-3
-2
-1
0
1
2
3
12
34
41
42
50
57
65
66
72
73
95
96
104
107
111
115
120
128
131
140
141
142
154
157
159
162
168
181
183
187
191
199
207
233
237
246
250
252
264
265
266
269
281
286
288
290
293
307
338
340
345
352
358
361
368
370
374
388
389
393
404
411
428
436
442
443
469
479
490
491
495
505
518
519
522
525
526
527
528
529
531
533
534
536
538
539
541
542
543
544
546
549
551
553
558
559
564
566
567
568
571
572
573
576
577
578
579
580
582
586
587
588
590
591
595
597
601
602
603
604
606
607
608
610
612
613
615
616
617
619
620
621
622
623
625
627
632
634
636
640
641
644
645
647
651
652
657
659
660
662
663
664
665
666
668
669
670
671
675
678
679
680
681
688
692
697
698
699
700
701
703
704
705
709
714
715
716
718
720
721
725
726
727
728
730
731
734
735
737
739
740
744
746
748
749
751
752
757
760
761
762
763
764
767
768
770
772
773
775
777
778
781
784
785
786
788
794
795
796
801
802
803
804
805
806
818
819
820
823
825
826
827
828
829
831
834
835
837
838
840
849
850
851
853
854
857
859
860
861
863
868
870
871
875
878
879
881
882
883
884
885
888
889
891
892
896
898
900
902
904
905
906
907
910
911
912
914
915
917
920
923
924
926
929
931
935
936
939
940
941
948
949
950
952
957
958
960
963
965
967
968
973
975
976
977
978
979
980
984
985
986
992
993
996
999
1001
1003
1004
1006
1008
1009
1011
1012
1013
1021
1022
1023
