-1023
-1022
-1021
-1020
-1019
-1017
-1016
-1015
-1014
-1013
-1012
-1010
-1009
-1008
-1007
-1005
-1004
-1003
-1002
-1001
-999
-996
-995
-994
-993
-992
-991
-990
-989
-988
-987
-985
-984
-982
-981
-980
-979
-978
-977
-976
-975
-974
-973
-972
-971
-970
-969
-968
-966
-965
-964
-963
-961
-960
-959
-956
-955
-954
-952
-951
-950
-949
-948
-947
-945
-944
-943
-942
-941
-940
-939
-937
-936
-934
-933
-932
-931
-930
-929
-928
-927
-926
-925
-924
-923
-922
-921
-920
-919
-917
-915
-914
-913
-912
-911
-910
-908
-906
-905
-904
-903
-902
-901
-900
-897
-896
-895
-894
-893
-892
-890
-889
-888
-886
-885
-884
-883
-882
-881
-880
-879
-876
-875
-874
-873
-872
-871
-870
-869
-868
-867
-865
-864
-863
-862
-861
-860
-859
-858
-857
-856
-854
-853
-852
-851
-850
-849
-848
-847
-846
-845
-844
-843
-842
-841
-840
-839
-838
-837
-836
-834
-833
-832
-831
-830
-828
-826
-825
-824
-823
-822
-821
-820
-819
-817
-816
-815
-813
-812
-811
-810
-808
-807
-806
-805
-804
-803
-802
-801
-798
-797
-796
-794
-792
-791
-789
-788
-787
-786
-785
-784
-781
-780
-779
-778
-777
-775
-773
-772
-770
-769
-768
-766
-764
-763
-762
-761
-759
-758
-757
-756
-755
-754
-753
-752
-751
-750
-748
-747
-746
-745
-744
-743
-742
-741
-740
-739
-738
-736
-735
-734
-733
-732
-731
-730
-729
-728
-727
-726
-725
-724
-723
-720
-719
-718
-717
-716
-715
-712
-710
-708
-707
-706
-705
-704
-703
-701
-700
-699
-698
-697
-696
-695
-694
-692
-691
-690
-689
-688
-687
-686
-685
-684
-683
-682
-681
-680
-679
-678
-677
-675
-674
-673
-672
-671
-670
-669
-668
-667
-666
-664
-663
-662
-661
-659
-658
-657
-656
-655
-654
-653
-651
-650
-649
-648
-647
-646
-645
-643
-642
-641
-640
-639
-638
-637
-636
-635
-634
-633
-632
-631
-630
-629
-628
-626
-625
-623
-622
-621
-620
-619
-618
-617
-616
-614
-613
-612
-611
-610
-609
-607
-606
-605
-604
-603
-601
-599
-598
-596
-595
-594
-590
-589
-588
-587
-586
-584
-583
-582
-581
-579
-577
-576
-575
-574
-573
-571
-569
-568
-567
-566
-565
-564
-563
-562
-558
-557
-556
-554
-553
-552
-551
-550
-549
-548
-547
-546
-545
-544
-543
-539
-538
-537
-536
-535
-534
-533
-532
-531
-529
-528
-527
-526
-525
-524
-523
-522
-521
-520
-519
-518
-516
-515
-514
-513
-512
-510
-509
-507
-506
-504
-503
-502
-501
-500
-499
-497
-492
-491
-488
-487
-482
-480
-478
-476
-475
-474
-473
-470
-469
-464
-462
-461
-457
-455
-453
-452
-451
-450
-449
-447
-446
-445
-444
-443
-442
-440
-439
-435
-434
-432
-430
-429
-428
-425
-423
-421
-417
-416
-415
-412
-411
-409
-408
-407
-406
-404
-403
-402
-397
-391
-389
-387
-386
-383
-381
-380
-377
-373
-371
-370
-366
-363
-355
-354
-353
-352
-351
-349
-346
-345
-337
-336
-335
-331
-327
-325
-322
-321
-318
-317
-316
-314
-313
-305
-304
-303
-301
-295
-294
-293
-292
-291
-290
-288
-287
-286
-285
-279
-278
-277
-274
-273
-272
-270
-267
-263
-258
-256
-254
-252
-250
-249
-248
-247
-246
-240
-239
-238
-235
-234
-232
-230
-224
-220
-219
-218
-217
-216
-213
-211
-210
-209
-207
-206
-203
-202
-201
-199
-197
-196
-195
-193
-190
-188
-186
-185
-184
-176
-175
-173
-168
-164
-163
-161
-156
-152
-151
-147
-146
-143
-139
-138
-135
-134
-133
-129
-126
-125
-124
-122
-121
-120
-119
-118
-117
-116
-115
-114
-112
-110
-108
-107
-102
-100
-99
-98
-97
-95
-94
-88
-87
-82
-81
-79
-78
-76
-75
-74
-72
-69
-61
-60
-58
-56
-53
-52
-49
-48
-47
-44
-42
-41
-36
-35
-34
-30
-27
-24
-22
-21
-20
-19
-18
-10
-7
-4
-3
-2
-1
0
1
2
3
9
16
21
27
29
30
41
44
60
65
69
70
74
81
89
92
109
111
118
120
128
129
136
140
149
150
161
172
192
198
200
209
213
218
227
228
232
234
237
244
245
251
253
256
260
262
267
278
290
305
306
313
314
316
318
325
334
351
362
367
375
383
400
403
412
419
425
427
430
434
435
436
442
447
449
455
457
466
467
468
472
485
486
487
497
510
516
519
522
529
531
532
533
534
537
538
541
542
543
544
546
548
550
555
556
559
560
561
562
564
567
568
569
571
573
579
586
589
590
591
594
596
600
601
603
605
607
608
609
613
614
617
622
626
627
628
629
631
632
633
634
635
637
639
642
643
645
648
649
651
652
653
655
658
659
660
662
663
665
666
667
668
669
670
671
677
679
680
683
684
685
686
687
688
689
693
694
695
697
698
699
701
703
704
707
708
712
715
716
717
718
719
720
721
725
727
728
729
730
731
738
743
744
745
746
747
751
752
756
758
759
761
762
763
765
766
767
768
770
772
774
776
782
783
784
785
786
790
791
794
796
798
799
800
801
802
804
805
806
812
813
815
819
822
823
827
829
833
835
836
838
840
844
845
846
847
848
849
850
853
855
856
857
858
860
861
862
865
867
868
869
870
872
873
874
877
878
879
882
883
885
886
887
890
891
895
896
897
899
900
904
914
916
918
921
922
923
924
926
931
934
935
936
937
938
941
942
943
944
947
950
954
956
957
959
960
961
962
963
964
965
968
970
972
973
976
977
981
982
984
987
988
989
990
994
995
996
998
999
1001
1002
1004
1010
1011
1012
1013
1014
1015
1016
1018
1019
1021
1022
